%!PS-Adobe-3.0 EPSF-3.0
%%BoundingBox: -1 11 100 70 
%%HiResBoundingBox: -0.25 11.98705 99.87616 69.98831 
%%Creator: MetaPost 2.10
%%CreationDate: 2024.12.09:1330
%%Pages: 1
%%DocumentResources: procset mpost-minimal
%%DocumentSuppliedResources: procset mpost-minimal
%%EndComments
%%BeginProlog
%%BeginResource: procset mpost-minimal
/bd{bind def}bind def/fshow {exch findfont exch scalefont setfont show}bd
/fcp{findfont dup length dict begin{1 index/FID ne{def}{pop pop}ifelse}forall}bd
/fmc{FontMatrix dup length array copy dup dup}bd/fmd{/FontMatrix exch def}bd
/Amul{4 -1 roll exch mul 1000 div}bd/ExtendFont{fmc 0 get Amul 0 exch put fmd}bd
/ScaleFont{dup fmc 0 get Amul 0 exch put dup dup 3 get Amul 3 exch put fmd}bd
/SlantFont{fmc 2 get dup 0 eq{pop 1}if Amul FontMatrix 0 get mul 2 exch put fmd}bd
%%EndResource
%%EndProlog
%%BeginSetup
%%EndSetup
%%Page: 1 1
 0 0 0 setrgbcolor 0 0.5 dtransform truncate idtransform setlinewidth pop
 [] 0 setdash 1 setlinecap 1 setlinejoin 10 setmiterlimit
newpath 99.62616 49.81308 moveto
99.59679 51.00412 99.33981 52.17853 98.86911 53.273 curveto
98.33345 54.51851 97.53656 55.6277 96.6223 56.62802 curveto
95.5315 57.82149 94.28107 58.8547 92.95259 59.7757 curveto
91.37854 60.86694 89.70076 61.79738 87.97174 62.62085 curveto
85.97998 63.56946 83.92389 64.37465 81.83252 65.07654 curveto
79.49686 65.86043 77.12009 66.5146 74.71962 67.06888 curveto
72.1186 67.66946 69.49202 68.15225 66.85043 68.53676 curveto
64.06694 68.94191 61.26872 69.23764 58.46288 69.43549 curveto
55.58409 69.63847 52.699 69.73831 49.81308 69.73831 curveto
46.92715 69.73831 44.04207 69.63847 41.16328 69.43549 curveto
38.35744 69.23764 35.55923 68.94191 32.77573 68.53676 curveto
30.13414 68.15227 27.50755 67.6695 24.90654 67.06888 curveto
22.50607 66.51457 20.12933 65.8603 17.79364 65.07654 curveto
15.70224 64.37474 13.64603 63.5698 11.65442 62.62085 curveto
9.92557 61.79709 8.24823 60.86598 6.67357 59.7757 curveto
5.34445 58.85542 4.0923 57.82384 3.00386 56.62802 curveto
2.092 55.62619 1.30124 54.51416 0.75705 53.273 curveto
0.27794 52.18025 0 51.00653 0 49.81308 curveto
0 48.61963 0.27795 47.4459 0.75705 46.35316 curveto
1.30122 45.11198 2.09193 43.99992 3.00386 42.99814 curveto
4.09235 41.80238 5.34465 40.771 6.67357 39.85046 curveto
8.24805 38.75984 9.92485 37.82767 11.65442 37.00531 curveto
13.6467 36.05803 15.70468 35.25824 17.79364 34.54962 curveto
20.12718 33.75804 22.49849 33.08049 24.90654 32.55728 curveto
27.51439 31.99066 30.15779 31.60678 32.77573 31.0894 curveto
35.6175 30.52779 38.42763 29.80913 41.16328 28.85596 curveto
44.16289 27.81082 47.05865 26.48863 49.81308 24.90654 curveto stroke
newpath 58.46288 20.22806 moveto
61.16467 18.6819 63.96677 17.31801 66.85043 16.14548 curveto
69.38454 15.1151 71.99461 14.23022 74.71962 13.96677 curveto
77.10957 13.7357 79.51694 13.9911 81.83252 14.62439 curveto
83.96394 15.2073 85.9911 16.1022 87.97174 17.08008 curveto
89.68835 17.9276 91.37521 18.83975 92.95259 19.92523 curveto
94.28442 20.84174 95.53242 21.87836 96.6223 23.0729 curveto
97.53564 24.07396 98.33313 25.18262 98.86911 26.42793 curveto
99.34013 27.5223 99.5971 28.69678 99.62616 29.88785 curveto stroke
 [3 3 ] 0 setdash
newpath 99.62616 29.88785 moveto
99.5991 31.07916 99.34206 32.25401 98.86911 33.34776 curveto
98.33116 34.59186 97.53006 35.6972 96.6223 36.70279 curveto
95.53801 37.90392 94.30481 38.9617 92.95259 39.85046 curveto stroke
 [] 0 setdash
newpath 92.95259 39.85046 moveto
91.36015 40.91298 89.69588 41.86366 87.97174 42.69562 curveto
85.9846 43.65448 83.92508 44.45236 81.83252 45.1513 curveto
79.49579 45.93181 77.11983 46.58841 74.71962 47.14365 curveto
72.11884 47.74527 69.49208 48.22733 66.85043 48.61153 curveto
64.0669 49.01637 61.2687 49.31233 58.46288 49.51025 curveto
55.5841 49.71332 52.699 49.81308 49.81308 49.81308 curveto
46.92715 49.81308 44.04205 49.71332 41.16328 49.51025 curveto
38.35744 49.31233 35.55927 49.01637 32.77573 48.61153 curveto
30.13408 48.22733 27.50732 47.74527 24.90654 47.14365 curveto
22.50633 46.58842 20.13037 45.93181 17.79364 45.1513 curveto
15.70108 44.45236 13.64156 43.65448 11.65442 42.69562 curveto
9.93028 41.86366 8.266 40.91298 6.67357 39.85046 curveto stroke
 [3 3 ] 0 setdash
newpath 6.67357 39.85046 moveto
5.32135 38.9617 4.08815 37.90392 3.00386 36.70279 curveto
2.0961 35.6972 1.295 34.59186 0.75705 33.34776 curveto
0.2841 32.25401 0.02705 31.07916 0 29.88785 curveto stroke
 [] 0 setdash
newpath 0 29.88785 moveto
0.02945 28.69682 0.28642 27.52243 0.75705 26.42793 curveto
1.29263 25.18237 2.08939 24.07304 3.00386 23.0729 curveto
4.09488 21.87968 5.34589 20.84729 6.67357 19.92523 curveto
8.24684 18.83263 9.9225 17.89786 11.65442 17.08008 curveto
13.64894 16.13829 15.71237 15.35405 17.79364 14.62439 curveto
20.1209 13.80849 22.47687 13.05899 24.90654 12.63205 curveto
27.50761 12.17499 30.16557 12.09344 32.77573 12.49889 curveto
35.69846 12.95288 38.48141 14.00352 41.16328 15.24675 curveto
44.13954 16.62643 46.99722 18.24294 49.81308 19.92523 curveto
52.71362 21.65813 55.5713 23.46158 58.46288 25.20937 curveto
61.18678 26.8558 63.94446 28.45473 66.85043 29.75468 curveto
69.3956 30.89323 72.03796 31.79489 74.71962 32.55728 curveto
77.08832 33.2307 79.48799 33.79564 81.83252 34.54962 curveto
83.9332 35.22519 85.98254 36.05023 87.97174 37.00531 curveto
89.69801 37.83414 91.3778 38.7605 92.95259 39.85046 curveto
94.28183 40.77046 95.53171 41.80443 96.6223 42.99814 curveto
97.53636 43.99863 98.33337 45.1077 98.86911 46.35316 curveto
99.33989 47.44762 99.59685 48.62204 99.62616 49.81308 curveto stroke
 0.5 0 dtransform exch truncate exch idtransform pop setlinewidth
newpath 99.62616 49.81308 moveto
99.62616 29.88785 lineto stroke
newpath 0 49.81308 moveto
0 29.88785 lineto stroke
showpage
%%EOF
