%!PS-Adobe-3.0 EPSF-3.0
%%BoundingBox: -1 -5 96 102 
%%HiResBoundingBox: -0.2827 -4.86198 95.89487 101.87244 
%%Creator: MetaPost (upMetaPost) 2.11-0.04-u1.35
%%CreationDate: 2025.07.19:0857
%%Pages: 1
%%DocumentResources: procset mpost-minimal
%%DocumentSuppliedResources: procset mpost-minimal
%%EndComments
%%BeginProlog
%%BeginResource: procset mpost-minimal
/bd{bind def}bind def/fshow {exch findfont exch scalefont setfont show}bd
/fcp{findfont dup length dict begin{1 index/FID ne{def}{pop pop}ifelse}forall}bd
/fmc{FontMatrix dup length array copy dup dup}bd/fmd{/FontMatrix exch def}bd
/Amul{4 -1 roll exch mul 1000 div}bd/ExtendFont{fmc 0 get Amul 0 exch put fmd}bd
/ScaleFont{dup fmc 0 get Amul 0 exch put dup dup 3 get Amul 3 exch put fmd}bd
/SlantFont{fmc 2 get dup 0 eq{pop 1}if Amul FontMatrix 0 get mul 2 exch put fmd}bd
%%EndResource
%%EndProlog
%%BeginSetup
%%EndSetup
%%Page: 1 1
 0 0 0 setrgbcolor 0 0.5 dtransform truncate idtransform setlinewidth pop
 [3 3 ] 0 setdash 1 setlinecap 1 setlinejoin 10 setmiterlimit
newpath 56.06253 73.25456 moveto
53.31683 73.37448 50.56886 73.4346 47.82056 73.43489 curveto
45.07224 73.43518 42.32423 73.37563 39.57858 73.25456 curveto
36.91081 73.13693 34.24588 72.96124 31.58649 72.71933 curveto
29.0801 72.49133 26.57928 72.20457 24.08832 71.84515 curveto
21.81773 71.51753 19.55605 71.12962 17.31078 70.65866 curveto
15.34285 70.24588 13.38841 69.76944 11.46103 69.19621 curveto
9.84953 68.71693 8.25786 68.17018 6.715 67.50183 curveto
5.49887 66.97502 4.31435 66.37292 3.21832 65.62729 curveto
2.4046 65.07372 1.63913 64.43843 1.07744 63.62926 curveto
0.65271 63.0174 0.35608 62.31377 0.35608 61.56877 curveto
0.35608 60.82378 0.65271 60.12015 1.07744 59.50829 curveto
1.63913 58.69911 2.4046 58.06383 3.21832 57.51025 curveto
4.31435 56.76462 5.49887 56.16252 6.715 55.63571 curveto
8.25786 54.96736 9.84953 54.4206 11.46103 53.94133 curveto
13.38841 53.36812 15.34286 52.89171 17.31078 52.47888 curveto
19.55603 52.00787 21.8177 51.6198 24.08832 51.29239 curveto
26.57932 50.9332 29.08018 50.64713 31.58649 50.41821 curveto
34.24582 50.17532 36.91061 49.99687 39.57858 49.88298 curveto stroke
newpath 56.06253 57.71327 moveto
53.31683 57.83319 50.56886 57.89331 47.82056 57.8936 curveto
45.07224 57.89389 42.32423 57.83434 39.57858 57.71327 curveto
36.91081 57.59564 34.24588 57.41995 31.58649 57.17804 curveto
29.0801 56.95004 26.57928 56.66328 24.08832 56.30386 curveto
21.81773 55.97624 19.55605 55.58833 17.31078 55.11737 curveto
15.34285 54.70459 13.38841 54.22815 11.46103 53.65492 curveto
9.84953 53.17564 8.25786 52.62889 6.715 51.96054 curveto
5.49887 51.43373 4.31435 50.83163 3.21832 50.086 curveto
2.4046 49.53242 1.63913 48.89714 1.07744 48.08797 curveto
0.65271 47.4761 0.35608 46.77248 0.35608 46.02748 curveto
0.35608 45.28249 0.65271 44.57886 1.07744 43.967 curveto
1.63913 43.15782 2.4046 42.52254 3.21832 41.96896 curveto
4.31435 41.22333 5.49887 40.62123 6.715 40.09442 curveto
8.25786 39.42607 9.84953 38.8793 11.46103 38.40004 curveto
13.38841 37.82683 15.34286 37.35042 17.31078 36.93759 curveto
19.55603 36.46658 21.8177 36.0785 24.08832 35.7511 curveto
26.57932 35.3919 29.08018 35.10583 31.58649 34.87692 curveto
34.24582 34.63403 36.91061 34.45558 39.57858 34.34169 curveto stroke
 0.5 0 dtransform exch truncate exch idtransform pop setlinewidth
newpath 56.06253 57.71327 moveto
56.10422 60.33249 56.12483 62.95203 56.12436 65.57158 curveto
56.1239 68.13269 56.10329 70.69377 56.06253 73.25456 curveto stroke
 0 0.5 dtransform truncate idtransform setlinewidth pop [] 0 setdash
newpath 57.63687 69.5774 moveto
57.11713 70.80524 56.59233 72.03098 56.06253 73.25456 curveto
55.57195 72.01474 55.07626 70.77695 54.57553 69.5412 curveto
 closepath
gsave fill grestore stroke
 0.5 0 dtransform exch truncate exch idtransform pop setlinewidth
 [3 3 ] 0 setdash
newpath 39.57858 49.88298 moveto
39.5369 47.26376 39.51628 44.64423 39.51675 42.02467 curveto
39.51721 39.46356 39.53783 36.90248 39.57858 34.34169 curveto stroke
 0 0.5 dtransform truncate idtransform setlinewidth pop [] 0 setdash
newpath 38.00424 38.01886 moveto
38.52399 36.79102 39.04878 35.56528 39.57858 34.34169 curveto
40.06917 35.58151 40.56485 36.8193 41.06558 38.05505 curveto
 closepath
gsave fill grestore stroke
newpath 95.64111 53.79813 moveto
95.97191 80.3445 74.36693 101.94948 47.82056 101.61868 curveto
21.77957 101.29419 0.9809 80.02641 0 53.79813 curveto
-0.09708 51.20251 0.02203 48.60333 0.35608 46.02748 curveto stroke
newpath 95.64111 53.79813 moveto
95.56966 54.53856 95.32033 55.25075 94.91435 55.87407 curveto
94.37155 56.70747 93.58382 57.33577 92.7574 57.88708 curveto
91.64674 58.62804 90.458 59.24174 89.2345 59.7757 curveto
87.68181 60.45331 86.0769 61.00117 84.45287 61.48279 curveto
82.51059 62.05878 80.54181 62.53987 78.55922 62.9562 curveto
76.29721 63.43121 74.01848 63.82167 71.73083 64.15161 curveto
69.22116 64.51357 66.70161 64.80257 64.17642 65.03233 curveto
61.49709 65.27612 58.81215 65.45314 56.12436 65.57158 curveto
53.35811 65.69347 50.5895 65.75327 47.82056 65.75327 curveto
45.05162 65.75327 42.283 65.69347 39.51675 65.57158 curveto
36.82896 65.45316 34.14403 65.27612 31.46469 65.03233 curveto
28.9395 64.80257 26.41995 64.51357 23.91028 64.15161 curveto
21.62263 63.82167 19.3439 63.43121 17.0819 62.9562 curveto
15.0993 62.53987 13.13052 62.05878 11.18825 61.48279 curveto
9.56421 61.00117 7.9593 60.45331 6.40662 59.7757 curveto
5.18312 59.24174 3.99437 58.62804 2.88371 57.88708 curveto
2.0573 57.33577 1.26956 56.70747 0.72676 55.87407 curveto
0.32079 55.25075 0.07146 54.53856 0 53.79813 curveto stroke
newpath 0 53.79813 moveto
0.07146 53.0577 0.32079 52.3455 0.72676 51.72218 curveto
1.26956 50.88878 2.0573 50.26048 2.88371 49.70917 curveto
3.99437 48.96822 5.18312 48.3545 6.40662 47.82056 curveto
7.9593 47.14294 9.56421 46.59508 11.18825 46.11346 curveto
13.13052 45.53748 15.0993 45.05638 17.0819 44.64005 curveto
19.3439 44.16504 21.62263 43.77458 23.91028 43.44464 curveto
26.41995 43.08269 28.9395 42.79369 31.46469 42.56392 curveto
34.14403 42.32013 36.82896 42.14311 39.51675 42.02467 curveto
42.283 41.90279 45.05162 41.84299 47.82056 41.84299 curveto
50.5895 41.84299 53.35811 41.90279 56.12436 42.02467 curveto
58.81215 42.1431 61.49709 42.32013 64.17642 42.56392 curveto
66.70161 42.79369 69.22116 43.08269 71.73083 43.44464 curveto
74.01848 43.77458 76.29721 44.16504 78.55922 44.64005 curveto
80.54181 45.05638 82.51059 45.53748 84.45287 46.11346 curveto
86.0769 46.59508 87.68181 47.14294 89.2345 47.82056 curveto
90.458 48.3545 91.64674 48.96822 92.7574 49.70917 curveto
93.58382 50.26048 94.37155 50.88878 94.91435 51.72218 curveto
95.32033 52.3455 95.56966 53.0577 95.64111 53.79813 curveto stroke
 0 0.99626 dtransform truncate idtransform setlinewidth pop
newpath 47.82056 53.79813 moveto
56.06253 73.25456 lineto stroke
newpath 56.03061 69.25475 moveto
56.06253 73.25456 lineto
53.21161 70.4489 lineto
 closepath
gsave fill grestore stroke
newpath 47.82056 53.79813 moveto
39.57858 49.88298 lineto stroke
newpath 42.25978 52.85127 moveto
39.57858 49.88298 lineto
43.57338 50.08592 lineto
 closepath
gsave fill grestore stroke
newpath 47.82056 53.79813 moveto
56.06253 57.71327 lineto stroke
newpath 53.38133 54.74498 moveto
56.06253 57.71327 lineto
52.06773 57.51033 lineto
 closepath
gsave fill grestore stroke
newpath 47.82056 53.79813 moveto
39.57858 34.34169 lineto stroke
newpath 39.6105 38.3415 moveto
39.57858 34.34169 lineto
42.4295 37.14735 lineto
 closepath
gsave fill grestore stroke
 0 3 dtransform truncate idtransform setlinewidth pop
newpath 47.82056 53.79813 moveto 0 0 rlineto stroke
 0 0.49814 dtransform truncate idtransform setlinewidth pop
newpath 65.75327 17.93271 moveto
65.73564 18.64732 65.58147 19.35197 65.29904 20.00865 curveto
64.97765 20.75597 64.4995 21.42148 63.95094 22.02167 curveto
63.29646 22.73775 62.54622 23.35768 61.74913 23.91028 curveto
60.8047 24.56503 59.79803 25.12329 58.76062 25.61737 curveto
57.56557 26.18654 56.3319 26.66965 55.07707 27.09079 curveto
53.67567 27.56113 52.24963 27.95363 50.80934 28.2862 curveto
49.24873 28.64655 47.67278 28.93622 46.08783 29.16692 curveto
44.41772 29.41 42.7388 29.58745 41.0553 29.70616 curveto
39.32803 29.82796 37.59697 29.88785 35.86542 29.88785 curveto
34.13387 29.88785 32.4028 29.82796 30.67554 29.70616 curveto
28.99203 29.58745 27.31311 29.41 25.643 29.16692 curveto
24.05806 28.93622 22.4821 28.64656 20.9215 28.2862 curveto
19.48122 27.95361 18.05518 27.56105 16.65376 27.09079 curveto
15.39891 26.66971 14.16518 26.18674 12.97021 25.61737 curveto
11.9329 25.12312 10.9265 24.56445 9.9817 23.91028 curveto
9.18423 23.35811 8.43295 22.73917 7.77989 22.02167 curveto
7.23276 21.42056 6.7583 20.75336 6.4318 20.00865 curveto
6.14432 19.35301 5.97757 18.64877 5.97757 17.93271 curveto
5.97757 17.21664 6.14433 16.51242 6.4318 15.85677 curveto
6.7583 15.11206 7.23274 14.44482 7.77989 13.84375 curveto
8.43298 13.1263 9.18436 12.50746 9.9817 11.95514 curveto
10.92639 11.30077 11.93248 10.74147 12.97021 10.24805 curveto
14.16559 9.67969 15.40039 9.1998 16.65376 8.77463 curveto
18.0539 8.29968 19.47667 7.89314 20.9215 7.57922 curveto
22.4862 7.23926 24.07225 7.00893 25.643 6.6985 curveto
27.34807 6.36153 29.03413 5.93034 30.67554 5.35843 curveto
32.4753 4.73134 34.21275 3.93803 35.86542 2.98878 curveto stroke
newpath 41.0553 0.18169 moveto
42.67638 -0.746 44.35764 -1.56433 46.08783 -2.26785 curveto
47.60829 -2.8861 49.17433 -3.417 50.80934 -3.57509 curveto
52.24332 -3.71373 53.68771 -3.56049 55.07707 -3.18051 curveto
56.35593 -2.83076 57.57224 -2.29382 58.76062 -1.70709 curveto
59.79059 -1.19858 60.8027 -0.65129 61.74913 0 curveto
62.54823 0.54991 63.29701 1.17189 63.95094 1.88861 curveto
64.49896 2.48924 64.97745 3.15443 65.29904 3.90163 curveto
65.58165 4.55824 65.73584 5.26292 65.75327 5.97757 curveto stroke
 [3 3 ] 0 setdash
newpath 65.75327 5.97757 moveto
65.73705 6.69235 65.58281 7.39726 65.29904 8.05351 curveto
64.97627 8.79997 64.4956 9.46318 63.95094 10.06653 curveto
63.30037 10.7872 62.56046 11.42188 61.74913 11.95514 curveto stroke
 [] 0 setdash
newpath 61.74913 11.95514 moveto
60.79367 12.59265 59.7951 13.16306 58.76062 13.66223 curveto
57.56834 14.23756 56.33261 14.71628 55.07707 15.13565 curveto
53.67503 15.60396 52.24947 15.99792 50.80934 16.33105 curveto
49.24887 16.69203 47.67282 16.98125 46.08783 17.21178 curveto
44.41771 17.45468 42.7388 17.63226 41.0553 17.75102 curveto
39.32803 17.87286 37.59697 17.93271 35.86542 17.93271 curveto
34.13387 17.93271 32.4028 17.87286 30.67554 17.75102 curveto
28.99203 17.63226 27.31313 17.45468 25.643 17.21178 curveto
24.05801 16.98125 22.48196 16.69203 20.9215 16.33105 curveto
19.48137 15.99792 18.0558 15.60396 16.65376 15.13565 curveto
15.39822 14.71628 14.16249 14.23756 12.97021 13.66223 curveto
11.93573 13.16306 10.93716 12.59265 9.9817 11.95514 curveto stroke
 [3 3 ] 0 setdash
newpath 9.9817 11.95514 moveto
9.17038 11.42188 8.43047 10.7872 7.77989 10.06653 curveto
7.23523 9.46318 6.75456 8.79997 6.4318 8.05351 curveto
6.14803 7.39726 5.99379 6.69235 5.97757 5.97757 curveto stroke
 [] 0 setdash
newpath 5.97757 5.97757 moveto
5.99524 5.26295 6.14941 4.55832 6.4318 3.90163 curveto
6.75314 3.1543 7.2312 2.4887 7.77989 1.88861 curveto
8.43451 1.17268 9.18509 0.55324 9.9817 0 curveto
10.92566 -0.65556 11.93108 -1.21642 12.97021 -1.70709 curveto
14.16693 -2.27217 15.405 -2.74272 16.65376 -3.18051 curveto
18.05011 -3.67004 19.46368 -4.11975 20.9215 -4.37592 curveto
22.48215 -4.65015 24.07692 -4.69908 25.643 -4.45581 curveto
27.39665 -4.18341 29.0664 -3.55302 30.67554 -2.8071 curveto
32.46129 -1.97928 34.1759 -1.00938 35.86542 0 curveto
37.60574 1.03973 39.32036 2.1218 41.0553 3.17047 curveto
42.68965 4.15834 44.34424 5.1177 46.08783 5.89767 curveto
47.61493 6.58081 49.20035 7.1218 50.80934 7.57922 curveto
52.23056 7.98326 53.67036 8.32224 55.07707 8.77463 curveto
56.3375 9.17998 57.5671 9.675 58.76062 10.24805 curveto
59.79639 10.74535 60.80426 11.30116 61.74913 11.95514 curveto
62.54666 12.50714 63.29659 13.12752 63.95094 13.84375 curveto
64.49937 14.44405 64.9776 15.10948 65.29904 15.85677 curveto
65.58151 16.51343 65.73569 17.21808 65.75327 17.93271 curveto stroke
 0.49814 0 dtransform exch truncate exch idtransform pop setlinewidth
newpath 65.75327 17.93271 moveto
65.75327 5.97757 lineto stroke
newpath 5.97757 17.93271 moveto
5.97757 5.97757 lineto stroke
showpage
%%EOF
